-1.425509858462545554e-06 3.619026392698288049e-06 4.708706504768795266e-06 3.896175780230098072e-06 5.625970247719022732e-06
-1.256432798173692596e-07 -1.314493517080942693e-07 -5.344843491911888095e-06 -6.540706381201743842e-06 -8.670333772897720591e-07
2.506791096594598674e-06 3.702815622091293277e-06 -6.294803900851144046e-06 8.342721189061800657e-06 -4.628879742489920732e-06
2.877000305387708885e-07 2.262614667415618842e-06 1.257978586686982153e-06 7.412505232625537321e-06 5.734550663166576207e-06
3.644475092490514098e-06 -3.223259208930863332e-06 -1.716855292518933521e-06 7.341485470533370455e-07 -2.351840544078085198e-06
6.799593360887633494e-06 6.972952849335140806e-06 6.721211183402273450e-06 1.501497377951939900e-05 -1.158664209975136617e-06
-5.066141900089051569e-06 -9.734686464071272923e-07 -8.518275080455674564e-06 -4.598988634016778443e-06 2.548179278771082487e-06
-3.034180237187279714e-06 -8.625701069831847995e-06 -4.713236664732297304e-06 -6.253495812416077177e-07 -2.948049869802262848e-07
-1.229575524727503409e-07 -1.043666133450137245e-05 -4.787151184346940925e-07 -2.281395925415886634e-06 -3.192558263738949896e-06
-7.741232713063557193e-06 -9.813106308380763039e-06 -7.864447310566902554e-06 -4.443730331129498133e-06 4.214198018113772235e-06
-2.629571283857027833e-06 -3.017251276307635662e-07 -3.176736541920238089e-06 -8.333987452917628874e-06 -3.667970291442341131e-06
-5.632650728027025721e-06 -2.737172361877229493e-06 -2.718960245450337591e-06 -7.777174727784262048e-06 -4.848058025042216015e-06
4.572811019089487258e-06 -3.350215653578440546e-06 8.156037992901272798e-06 1.979000349011686175e-05 1.456375523573822367e-05
1.065688414706124278e-06 1.796146026915974160e-06 2.604601490828726151e-06 1.536596152517530619e-06 -4.689062635103861285e-06
1.281507727172639614e-06 4.403624269697401416e-07 -7.857970065540737917e-07 -3.942759086688359743e-06 -6.342370270027054637e-06
-1.239949009484715015e-06 -5.287735205557611017e-06 -6.782290836175282941e-06 -7.817735067672200227e-06 7.008701148960325141e-06
3.255896684196260360e-06 4.578297543856833061e-06 1.262922667794757346e-05 -3.657862544059753333e-07 7.021275245481067174e-06
4.246261177791489180e-06 -4.122790570060412121e-06 1.482567232516076778e-06 -3.505467954609129078e-06 -6.648227779401673411e-06
-2.874902966949674872e-06 -1.324226872788535186e-06 -1.276103883153862341e-05 -6.314625549647543029e-06 9.644056359926860193e-07
-2.455777592129177485e-07 5.485902643866008835e-06 -4.956035150421989793e-07 -1.682805104388131136e-06 2.873017763098080928e-06
-7.490081505642996911e-06 -4.569107666611671793e-06 -1.178505375153488657e-05 -8.125754694143930764e-06 9.966134611103270307e-07
-9.488362198074658287e-06 -6.662627889050377506e-07 3.620818257331848209e-06 4.259294519821802536e-06 1.345739120410548352e-05
5.336436546511120502e-06 -1.016264160474141434e-06 -1.122981930772463529e-06 -6.874002930190828051e-06 -3.596436646249559430e-08
4.281106715401013647e-06 3.006256495912869608e-06 1.794029441144731317e-07 -1.826092600822448686e-06 3.606802059544457408e-06
4.032942155996958297e-06 -7.286113169458177083e-07 -1.002444802886909842e-05 -6.968210140864054482e-06 4.916923948460155241e-06
-8.082871221833758926e-06 -8.440738336907492963e-06 -6.906926011045773989e-06 -7.973675926526387474e-06 -2.055366834004720109e-06
7.665002097686131598e-07 -2.845599626501401190e-06 3.183193711770905464e-06 -1.138687133789062453e-06 5.280477719174491173e-06
5.402158324917157683e-06 3.539326497250133085e-06 1.092644201384650434e-06 -2.728140395548608708e-06 3.186074809895621585e-06
4.356423806813028470e-06 1.183488116496139154e-05 9.445221473773319983e-06 7.739843179782232417e-06 3.029776944054497671e-06
4.356423806813028470e-06 1.183488116496139154e-05 9.445221473773319983e-06 7.739843179782232417e-06 3.029776944054497671e-06
