2.480733394622802610e-06 -2.933720747629801658e-07 5.148091912269592148e-06 5.804042021433511995e-06
-7.506044374571906517e-07 -5.142352150546179924e-06 -5.761937962638007143e-07 -3.938590321275923324e-06
-3.623353110419379097e-07 5.548350016276041315e-06 -9.501405888133578542e-07 -1.332958704895443319e-06
5.289647314283583281e-07 1.680797172917260000e-06 6.082870231734381732e-06 5.271647208266788058e-06
3.597325252162085652e-06 -3.066155480013953428e-06 -1.096349623468187194e-06 -1.765485273467169925e-06
5.087574985292222554e-06 8.414208723439110598e-06 1.127445167965359175e-05 2.703818182150522781e-06
-4.483160542117225050e-06 -6.228267980946435271e-06 -3.719690276516808285e-06 1.144162813822428423e-06
-5.164591802491081940e-06 -6.317407555050319950e-06 -2.195070352819230766e-06 -1.575483216179741704e-07
-3.567437662018669840e-06 -4.514824847380319895e-06 -5.964437292681799882e-06 8.368692464298672289e-07
-7.255027194817861306e-06 -9.266079631116654660e-06 -6.524955564075045801e-06 2.527407473988002989e-06
-3.421292371220058872e-06 -2.621369891696506036e-06 -2.993334995375739360e-06 -5.451995299922095793e-06
-3.582647939523061219e-06 -5.403178433577219291e-06 -6.179316010740068481e-06 -3.806070486704508381e-06
2.196436623732248785e-06 1.502846015824211958e-06 1.751787794960869564e-05 1.376875307824876557e-05
3.305223584175109798e-06 -7.650557491514417431e-07 1.034867763519287193e-06 -1.723860038651360301e-06
-1.306050188011593359e-06 6.653878423902724006e-07 4.782886968718635175e-07 -7.316871318552228763e-06
-2.456113530529869754e-06 -4.255928430292341765e-06 -7.965508931212955633e-06 3.382343716091579903e-06
4.919819533824920641e-06 7.380961875120798774e-06 1.301462286048465256e-06 8.092884222666423281e-06
3.871361414591471149e-06 -2.947633465131123778e-06 -2.520003252559238208e-06 -5.241851011912028338e-06
-6.172438297006819340e-06 -3.899862037764655565e-06 -5.806961821185218095e-06 -1.969048711988660988e-06
1.309554278850555417e-06 3.441505796379513384e-06 -1.133677197827233149e-06 1.130564345253838376e-06
-5.393209225601619754e-06 -1.089875217941072290e-05 -7.949034869670867673e-06 -5.377110507753160565e-07
-7.640346553590562518e-06 -5.176342195934719025e-07 6.167985830042097238e-06 1.093629813856548812e-05
6.145686739020877402e-06 -1.189860039287143346e-06 -9.550553725825415230e-06 1.624505552980634916e-06
5.198406510882907511e-06 -1.549266941017574633e-06 3.421368201573689621e-06 3.274727198812696716e-07
4.105821251869201328e-06 -4.014658762349022454e-06 -9.351772401067944877e-06 2.243487205770280598e-06
-6.868444383144378378e-06 -9.630914860301546793e-06 -7.800583706961737603e-06 -2.467719713846842301e-06
-7.961851027276781218e-07 1.343122124671936097e-06 3.276318311691284327e-08 3.617007699277665796e-06
5.991918676429324318e-06 2.338287234306335587e-06 -3.076936304569244372e-06 3.140381144152747391e-06
5.176742374897003339e-06 1.121055417590671168e-05 1.065607186820771910e-05 2.081548836496141092e-06
5.176742374897003339e-06 1.121055417590671168e-05 1.065607186820771910e-05 2.081548836496141092e-06
