-1.157690629363059969e-04 1.742067739367485018e-04 -5.515666902065277254e-05 -1.199320040643215142e-04 1.669870816171169334e-04 -3.062687665224075070e-05
5.249553422133127996e-05 4.686353951692581304e-05 -1.081985086202621419e-04 6.164145146807035438e-05 3.556030020117759491e-05 -1.039739278455575357e-04
-1.698693153758843799e-04 2.518263600766658828e-04 -7.417802264293034376e-05 -1.611251118282476980e-04 2.096569515764713332e-04 -5.195648868878682684e-05
-2.050673261284828282e-04 2.711416907608508878e-04 -6.275972177584965934e-05 -2.000154914955298239e-04 2.656812943518161753e-04 -4.863402669628460984e-05
-1.554199308156967139e-05 -7.601772000392277595e-05 9.235646774371464546e-05 -2.301246946056683876e-05 -3.991213887929916055e-05 5.863185599446296914e-05
1.448078316946824413e-04 -2.600491121411323481e-05 -9.855024491747220461e-05 1.112507986525694597e-04 -1.987382794419924410e-05 -7.040956591566403084e-05
-7.954946781198184060e-05 -1.168977499008178771e-04 1.803800749282042162e-04 -5.122949406504630779e-05 -1.355450662473837629e-04 1.829112691183885009e-04
-7.000376383463542164e-05 -1.065190320213635757e-04 1.592997968196869000e-04 -4.039198284347851880e-05 -1.029884569346904808e-04 1.398515117665132001e-04
-6.578743085265159639e-05 -1.645596139132976608e-04 2.182236510018507620e-04 -4.237759361664453906e-05 -1.942615432043870319e-04 2.289477847516536763e-04
-9.598186612129211990e-05 -1.393874208132425815e-04 2.105876266956329236e-04 -6.075535391767819456e-05 -1.398321422437826694e-04 1.945911740263303006e-04
4.469125891725222451e-05 4.807971939444542037e-05 -1.018349717060724861e-04 5.623445486028989300e-05 3.694693148136139212e-05 -1.058493817845980315e-04
7.804730807741483629e-05 3.320947984854380025e-05 -1.247355274856090429e-04 9.287653093536694330e-05 2.577296048402786293e-05 -1.336275711655616647e-04
1.650604315102100459e-04 7.324113970001538932e-05 -2.327526472508907390e-04 1.275818422436714096e-04 1.035937570035457678e-04 -1.842456527054309721e-04
-6.776812449097633056e-05 4.481825480858484952e-06 6.709655076265334838e-05 -5.277837788065274860e-05 -1.029232516884803704e-05 6.203721463680267779e-05
9.564524367451667755e-05 -4.993672172228495352e-05 -4.666951547066370849e-05 6.730088094870249145e-05 -2.090673918525378063e-05 -5.665201569596926292e-05
-7.675957779089610279e-05 -1.644975371658802114e-04 2.311890520155429943e-04 -5.117648194233576331e-05 -1.950413060684998818e-04 2.393430401881535747e-04
5.320034523804982368e-05 -2.390164633591969656e-06 -3.235900849103927871e-05 3.948140442371368534e-05 -1.127984200914700872e-05 -1.411004265149434477e-05
1.866349269946416135e-04 -5.669998576243718663e-05 -1.285493493080139293e-04 1.677872871359189350e-04 -3.256175021330515656e-05 -1.468683183193206677e-04
-8.289701069394747992e-05 -1.674349096914132316e-04 2.352234698832035076e-04 -5.461590861280759033e-05 -2.012029349803924681e-04 2.441548277934392172e-04
-2.586265730361143552e-04 2.027545916537443931e-04 6.299857149521509284e-05 -2.497694410383701586e-04 1.737616697947184192e-04 7.600310196479161486e-05
-1.008659126857916526e-04 -1.638325981795787727e-04 2.402605687578519117e-04 -5.876854533950488086e-05 -1.789122141897678481e-04 2.249506406486034415e-04
-1.448300061126550132e-04 2.417222278813520948e-04 -1.091291929284731561e-04 -1.435528275867303165e-04 2.439614360531171212e-04 -7.475218251347542117e-05
-6.785584514339765489e-05 7.106269622842470326e-05 4.226888964573542440e-06 -4.935214618841807168e-05 4.337152863542239196e-05 -5.908454706271489381e-06
-1.090450490514437306e-04 3.327631702025731305e-05 8.124244138598442214e-05 -9.655074824889501575e-05 1.732990145683288588e-05 8.484410817424456203e-05
-1.277981450160344533e-06 -2.517862516144911693e-04 2.532009767989317536e-04 -6.268277764320373483e-07 -2.379059428970019111e-04 2.278703428804874291e-04
-7.302992468078931692e-05 -9.428317844867706418e-06 5.770920366048813135e-05 -4.489140237371126903e-05 -1.636457592248916713e-05 4.585352316498756461e-05
-2.626336072882016234e-04 2.348391729096571657e-04 2.861483991146087790e-05 -2.557845736543337277e-04 2.116123045484224975e-04 4.964692542950312193e-05
5.204720819989840054e-05 -3.352432325482368540e-05 -6.027576078971226976e-06 4.357140213251114183e-05 -2.149037420749664361e-05 -2.198586066563924200e-05
1.187143611411253617e-04 -1.632097065448760950e-05 -7.781244566043217547e-05 8.198362588882446929e-05 -1.129617119828859966e-05 -5.158102363348007383e-05
1.187143611411253617e-04 -1.632097065448760950e-05 -7.781244566043217547e-05 8.198362588882446929e-05 -1.129617119828859966e-05 -5.158102363348007383e-05
