1.093680659929911354e-06 5.476066966851552495e-06
-2.946478294001685076e-06 -2.257392058769861860e-06
2.593007352617052047e-06 -1.141549646854400533e-06
1.104880952172809270e-06 5.677258720000585318e-06
2.655848860740661646e-07 -1.430917448467678560e-06
6.750891854365667000e-06 6.989134930902057055e-06
-5.355714261531830161e-06 -1.287763731347189931e-06
-5.740999678770701369e-06 -1.176309337218602428e-06
-4.041131254699495291e-06 -2.563784023125966591e-06
-8.260553412967257559e-06 -1.998774045043521406e-06
-3.021331131458282666e-06 -4.222665147648917153e-06
-4.492913186550140255e-06 -4.992693248722288431e-06
1.849641319778230477e-06 1.564331551392873060e-05
1.270083917511833975e-06 -3.444961375660366596e-07
-3.203311728106604791e-07 -3.419291310840182623e-06
-3.356020980411105759e-06 -2.291582607560687441e-06
6.150390704472859284e-06 4.697173254357443951e-06
4.618639747301737381e-07 -3.880927132235632850e-06
-5.036150167385737453e-06 -3.888005266586939753e-06
2.375530037615034401e-06 -1.556426286697387713e-09
-8.145980702506171750e-06 -4.243372960223091600e-06
-4.078990386592017475e-06 8.552141984303792256e-06
2.477913349866867134e-06 -3.963024086422390263e-06
1.824569784932666439e-06 1.874420460727479646e-06
4.558124476008945025e-08 -3.554142597648832563e-06
-8.249679621722963432e-06 -5.134151710404289952e-06
2.734685109721289878e-07 1.824885441197289336e-06
4.165102955367829953e-06 3.172241979175143690e-08
8.193648275401856665e-06 6.368810352351930521e-06
8.193648275401856665e-06 6.368810352351930521e-06
